25
WuLuMuQi
-175 -236
HuHeHaoTe
0 -186
BeiJing
89 -157
TianJin
146 -105
ShenYang
234 -155
ChangChun
255 -202
HaErBing
292 -248
DaLian
215 -88
BeiJin
141 -40
ZhengZhou
64 -44
XiAn
-22 -56
XiNing
-153 -98
LanZhou
-96 -80
ChengDu
-102 32
GuiYang
-74 117
KunMing
-147 143
LiuZhou
-28 168
NanNing
-83 189
ZhuZhou
51 112
GuangZhou
57 183
ShenZhen
120 224
WuHan
40 -4
NanChang
102 68
ShangHai
209 32
FuZhou
178 119
30
20 19
140
19 18
675
18 22
367
22 24
622
22 23
825
23 8
8
8 3
674
3 2
137
3 4
704
4 7
397
4 5
305
5 6
242
2 1
668
1 12
1145
12 0
1892
11 12
216
12 10
676
10 9
511
9 2
695
9 8
349
9 21
534
21 18
409
18 16
672
16 17
255
16 14
607
14 18
902
14 15
639
15 13
1100
13 14
967
13 10
842
